Material: modelMaterial.material
Shader: 273a0e85-9157-41a8-a769-8eb00ebc93ee
Diffuse: 57744d50-1f83-4a6b-8938-2632099bee63
DiffuseColor: [0.999992907, 1, 0.999989986]
Specular: 57744d50-1f83-4a6b-8938-2632099bee63